v1 = [0.0, 0.0, -5.8, 0.0, 0.0]
v2 = [0.0]
m1 = [
0.0, 0.0, 0.0, 0.0, 0.0;
0.0, 0.0, 0.0, 0.0, 0.0;
0.0, 0.0, 0.0, 0.0, 3.57;
0.0, 0.0, 0.0, 0.0, 0.0;
0.0, 0.0, 0.0, 0.0, 0.0;
]
*** java.lang.ArithmeticException: dot product of vectors in different space
||v1|| = 5.8
m1 = [
0.38169478106362364, 0.8536234601764099, 0.31521731908454687, 0.22822929476593268, 0.5176548405632162;
0.3723652664380027, 0.4995777643716527, 0.8988131926379568, 0.4862946960737914, 0.5242071536463393;
0.6934519166639631, 0.17242926263318792, 0.1169906038609706, 0.4353461784756739, 0.9798419719980191;
0.3335840649668613, 0.6248997248502633, 3.1085639594863324E-4, 0.5664207490592135, 0.6699404143556881;
0.0016693414145612095, 0.8094565759677015, 0.7485642901865909, 0.6414667328750503, 0.9861641688557861;
]
m1 * m1 = [
0.7591364857187215, 1.3682671477693003, 1.3120111724782721, 1.1007873145103548, 1.6173175188216422;
1.1145342595426613, 1.450627715353437, 1.0641096882341254, 1.3309304240361515, 2.178076593818269;
0.5568812429776671, 1.763448488452974, 1.1208665919359118, 1.1681740270928427, 1.8219307414431927;
0.5503011083800396, 1.4932386361763392, 1.1685255049490206, 1.1307313615917267, 1.5407022854173686;
1.036773359244147, 1.7339953405010555, 1.5540581281140247, 1.7158316100910147, 2.5609260373685916;
]
v1 = [0.6480294819618988, 0.53925482459862, 0.10070894718900036, 0.5185665878050115, 0.015317909491255888]
v1 * m1 = [0.6909971712699747, 1.1763893584962795, 0.7123691068665371, 0.7575321324446749, 1.0793303764568205]
m1 * v1' = [0.865696721491033, 0.861427859705067, 0.7949077115728878, 0.857172768080667, 0.8607214562532272]
m2 = [
0.8245471466411493, 0.5215093677027582, 0.9679757919976251, 0.5427322977893957;
0.6452261693381962, 0.9141765673759227, 0.954907578815972, 0.2598823042840659;
0.6710964412765739, 0.11817543239859574, 0.9797498481669387, 0.8488455385895675;
]
m2' = [
0.8245471466411493, 0.6452261693381962, 0.6710964412765739;
0.5215093677027582, 0.9141765673759227, 0.11817543239859574;
0.9679757919976251, 0.954907578815972, 0.9797498481669387;
0.5427322977893957, 0.2598823042840659, 0.8488455385895675;
]
m2 * m2' = [
2.1833854985929784, 2.074144980534723, 2.024050275669759;
2.074144980534723, 2.2314229020982452, 1.6972126871080064;
2.024050275669759, 1.6972126871080064, 2.1447843796832293;
]
m2' * m2 = [
1.5465652401269856, 1.0991668178816651, 2.0717796729068856, 1.1848484513451873;
1.0991668178816651, 1.1216562497635507, 1.4935449377490833, 0.6209309788666062;
2.0717796729068856, 1.4935449377490833, 2.8087353829567503, 1.605171595306706;
1.1848484513451873, 0.6209309788666062, 1.605171595306706, 1.0826359075271659;
]
